10 11 13 16 15
3 6 9 10 11 12 12
43 46 49 52 54 58
59 60 61 63 65 68 75
60 62 63 65 63 66 69 71
80 83 85 88 85 87 84
30 31 32 31 33 33
9 11 14 12 16
38 39 40 43 42 45 50
58 61 63 63 66
15 17 18 20 20 21 23 21
17 19 22 24 25 25 28 28
60 63 66 67 67 69 73
42 44 44 45 52
22 23 27 30 32 34
22 23 25 26 28 31 35 33
11 14 16 19 22 26 26
38 41 44 48 52
15 17 21 24 26 33
50 51 54 61 62 65 68
37 40 42 44 49 50 47
6 7 8 14 14
17 20 25 27 31
68 69 70 73 76 81 87
83 81 82 83 85 87 90 92
52 51 54 56 58 57
93 90 91 92 92
12 9 10 12 14 15 16 20
26 24 26 27 33
17 15 14 17 19
99 96 97 96 97 99 98
9 7 5 8 8
59 58 61 63 62 64 68
24 23 25 28 26 28 35
93 90 92 94 94 95
72 69 72 73 76 77 77 75
46 45 47 47 49 49
61 60 63 64 64 66 70
35 32 35 36 37 37 40 47
6 3 6 9 13 15 16
29 28 31 33 35 36 40 38
22 21 25 26 26
51 50 51 54 58 60 64
83 82 86 88 95
79 76 83 86 89
19 17 23 25 26 25
19 18 21 28 30 31 31
72 70 72 73 74 77 82 86
40 39 40 47 53
7 7 9 12 15 18 19
57 57 59 62 63 65 63
57 57 59 62 65 66 66
26 26 29 31 33 34 38
44 44 47 50 52 59
19 19 21 20 22 25 27
76 76 79 77 74
61 61 64 63 65 65
80 80 81 83 85 83 87
63 63 66 67 65 71
48 48 48 50 51 53 56 58
17 17 17 18 17
66 66 68 68 68
78 78 79 79 83
1 1 3 4 7 8 8 13
14 14 18 20 21
22 22 25 27 31 28
32 32 34 38 38
49 49 51 52 54 56 60 64
85 85 89 91 93 94 99
28 28 29 30 35 38 39
10 10 11 18 20 22 25 24
87 87 90 96 96
47 47 48 51 58 62
7 7 8 9 11 12 18 25
70 74 75 77 79 82
27 31 32 33 34 35 37 34
45 49 52 55 57 60 62 62
39 43 44 47 50 51 55
42 46 49 50 53 54 59
5 9 12 10 12
69 73 74 73 74 75 72
76 80 82 84 81 84 84
29 33 31 33 35 39
49 53 54 55 56 57 54 59
42 46 46 47 50 52
65 69 69 72 70
72 76 76 78 80 82 83 83
45 49 52 53 53 57
37 41 42 45 45 50
56 60 62 63 67 68
35 39 40 43 46 49 53 51
7 11 15 17 20 21 24 24
2 6 7 9 13 17
43 47 50 52 56 59 64
12 16 19 22 28 30 33
43 47 48 53 54 57 55
83 87 88 95 95
57 61 63 64 66 73 75 79
57 61 64 69 71 76
86 93 95 96 97 99
30 35 37 39 38
11 17 19 20 20
20 26 29 32 36
68 73 74 77 80 87
37 42 44 43 46 49 50 51
48 55 58 56 57 58 57
36 42 39 42 43 44 44
20 25 28 25 27 29 31 35
14 20 23 21 22 23 25 32
77 82 83 83 84 86 88 91
30 36 37 40 40 42 43 42
15 21 22 25 27 27 28 28
46 52 55 55 56 58 62
15 22 23 23 24 27 34
22 29 30 34 37
5 11 14 18 20 18
7 12 16 18 21 22 22
39 45 47 51 54 56 58 62
57 63 67 70 71 76
72 79 84 86 87 90
80 85 92 93 96 93
72 78 83 84 84
46 52 55 57 58 64 68
69 75 78 80 87 93
89 88 85 82 80 77 74 75
14 13 11 9 8 5 2 2
93 91 88 86 83 79
39 37 35 34 32 30 28 21
52 51 52 49 47 45
96 95 94 93 90 88 91 93
35 34 36 35 34 33 33
39 37 38 37 34 32 31 27
24 23 24 22 16
60 57 57 54 53 52 50 48
36 35 34 33 33 32 31 34
76 74 71 71 71
32 29 28 26 23 23 19
91 88 86 86 83 77
42 41 39 35 33
27 24 22 18 19
19 16 15 13 10 6 6
50 49 45 43 41 38 34
48 46 45 41 34
83 80 78 77 71 68
46 44 38 37 39
39 38 37 31 29 27 27
21 19 18 16 15 9 5
81 79 78 71 69 66 63 56
69 71 68 67 66 65
11 12 11 10 7 10
83 84 83 81 78 77 75 75
19 20 18 15 14 12 11 7
80 81 80 77 75 69
17 19 20 17 16 15
45 48 47 44 41 44 41 42
40 43 41 44 44
56 57 59 57 53
93 96 99 96 93 91 88 83
79 80 78 75 73 73 72
4 7 4 4 3 4
65 66 65 65 62 60 58 58
43 45 44 44 40
81 83 82 82 81 76
92 95 91 89 88 87
30 31 27 24 26
20 22 21 18 15 11 11
31 32 31 27 26 24 21 17
43 46 45 44 42 40 36 31
47 50 48 47 46 40 37 36
23 26 24 22 16 15 12 13
86 88 86 84 81 80 75 75
88 90 88 87 82 80 76
83 85 80 77 75 70
13 13 12 10 8 5 3 1
48 48 46 44 41 43
86 86 83 81 78 78
82 82 81 80 77 73
23 23 20 19 18 16 14 7
76 76 75 73 71 73 71
41 41 39 38 35 37 39
98 98 96 94 92 93 93
49 49 48 51 47
79 79 81 80 77 75 72 67
37 37 36 35 35 32
18 18 17 15 15 13 15
6 6 6 4 4
35 35 34 33 33 29
71 71 70 70 69 67 62
91 91 89 85 82 79 77
62 62 60 56 58
16 16 14 11 7 7
88 88 86 82 78
88 88 86 85 81 78 73
21 21 19 18 11 8
12 12 6 4 6
79 79 74 71 71
65 65 60 59 55
45 45 43 40 38 33 28
44 40 37 36 34 33 32 31
15 11 8 7 9
83 79 77 74 74
68 64 62 60 59 55
77 73 71 68 67 64 61 55
56 52 50 49 47 49 48
74 70 67 70 68 66 68
56 52 54 52 49 47 47
31 27 25 26 23 21 20 16
89 85 83 86 81
38 34 34 31 28 26 24
48 44 43 40 38 38 40
23 19 19 17 16 15 15
93 89 88 87 86 86 82
91 87 85 85 82 77
58 54 50 48 46 44 41
90 86 82 80 77 76 77
83 79 77 73 73
52 48 47 43 39
38 34 30 27 21
98 94 93 92 85 82
63 59 53 51 52
69 65 63 61 56 55 55
84 80 75 74 70
68 64 58 55 54 49
28 23 22 19 17 16
27 20 19 16 14 17
78 73 72 69 66 66
23 18 16 13 11 8 7 3
29 22 19 18 15 12 10 3
26 21 23 21 18 15 13 12
48 43 44 41 38 35 36
20 15 12 10 7 9 9
37 30 28 25 23 25 21
24 18 19 16 14 7
38 31 30 30 29 26
11 5 5 2 4
74 67 64 63 62 62 60 60
95 90 88 87 87 84 80
36 29 26 25 25 22 19 13
70 64 60 59 57 56
93 87 83 80 78 77 78
77 72 68 65 65
65 58 54 53 50 48 44
91 84 80 77 75 74 69
84 77 76 71 69 68
74 67 65 59 61
58 52 50 45 45
49 43 41 40 34 33 31 27
78 71 70 63 58
32 33 36 39 37
29 30 32 35 36 37 38 38
5 7 9 10 13 17
36 37 39 41 42 44 50
62 64 65 66 69 68 71
27 29 26 29 31 34 32
34 37 39 40 43 41 41
36 39 42 43 45 44 45 49
78 80 81 80 82 83 89
7 9 12 12 13 16 18
32 35 36 36 38 35
10 11 11 13 13
43 44 44 46 48 52
49 51 53 55 56 56 63
14 16 18 20 24 27 28 29
64 65 69 70 72 73 76 73
63 66 69 70 72 76 76
33 35 39 40 41 42 46
13 15 18 21 25 32
31 33 35 36 39 44 47
56 57 62 65 66 69 66
18 21 22 23 28 28
67 68 69 72 78 82
81 83 84 89 92 99
54 51 54 55 57 58
56 54 57 59 61 62 61
62 61 63 66 67 68 68
40 37 38 40 43 46 48 52
37 34 37 38 39 42 45 52
6 4 6 9 7 8 10
31 30 32 31 28
94 92 93 96 98 97 99 99
70 69 72 71 75
18 15 17 16 23
75 72 72 75 78 81
33 30 32 32 35 36 35
51 50 52 53 53 53
53 51 54 54 58
37 34 34 35 38 45
17 14 17 21 23 24 26
71 69 72 74 78 80 82 80
15 13 17 19 19
80 78 80 84 86 90
25 22 26 29 34
83 82 88 89 92 95 96
53 51 52 53 54 60 59
35 34 39 40 41 41
65 62 67 70 73 76 79 83
82 80 82 83 88 91 97
65 65 67 69 70 73 74 75
22 22 23 25 27 26
69 69 72 75 78 81 82 82
40 40 43 44 46 49 50 54
81 81 84 87 89 96
4 4 7 4 7 10
73 73 70 73 70
86 86 87 86 86
72 72 74 73 77
7 7 9 10 7 9 11 16
54 54 57 57 58
53 53 56 57 59 62 62 59
74 74 76 76 76
80 80 82 83 83 86 90
2 2 2 4 9
88 88 90 93 97 98 99
32 32 36 37 34
72 72 74 78 78
32 32 36 37 40 41 42 46
12 12 15 19 21 26
3 3 9 10 11 13
23 23 30 32 30
58 58 65 67 69 69
39 39 42 43 49 50 51 55
9 9 10 17 19 22 27
82 86 89 92 93 96
34 38 40 42 44 46 45
22 26 28 29 29
52 56 59 62 65 66 70
61 65 68 71 74 75 77 83
38 42 39 41 44 47 50
63 67 68 70 68 71 68
33 37 38 36 38 38
3 7 10 12 11 14 18
21 25 27 25 27 32
45 49 49 50 52 55
27 31 33 33 34 31
8 12 13 13 15 17 17
6 10 10 11 14 16 20
65 69 72 72 75 76 82
86 90 94 96 99
47 51 55 57 60 62 59
63 67 69 72 74 78 79 79
13 17 18 22 23 27
58 62 65 66 67 71 78
66 70 72 74 76 78 83 84
27 31 32 37 40 38
57 61 63 68 68
27 31 34 36 42 43 47
38 42 43 44 46 49 55 60
4 9 11 12 14 16
20 26 27 29 32 30
75 81 84 86 87 90 90
16 22 23 26 30
9 15 16 19 22 25 28 34
26 33 32 35 38
1 8 10 12 9 6
6 12 15 13 14 16 19 19
80 85 88 89 91 93 90 94
59 65 68 69 67 73
8 14 16 18 19 21 21 24
85 90 91 92 92 93 92
32 38 38 41 43 46 47 47
53 60 61 62 62 64 67 71
67 73 75 78 78 81 88
61 67 70 74 77 78 79 80
67 74 78 79 81 80
24 29 31 35 38 38
7 12 16 19 23
13 19 20 24 27 28 29 35
53 60 63 70 72
69 75 78 79 86 88 86
3 10 12 13 20 20
31 36 39 41 46 50
64 71 77 79 82 84 90
83 80 77 74 75
99 97 94 92 89 86 83 83
59 57 55 53 49
77 75 74 73 67
10 8 5 4 2 4 3 1
37 34 33 36 35 34 36
55 52 51 53 53
30 27 24 23 24 23 21 17
84 83 86 85 78
36 34 33 33 31
19 16 16 14 13 14
80 78 76 76 76
70 68 66 64 64 61 60 56
84 81 80 79 79 73
93 91 88 84 83
63 61 57 56 53 52 50 51
85 84 80 77 77
85 84 82 81 77 74 70
21 20 16 15 12 9 2
41 39 38 32 31 28
82 81 80 74 76
64 61 55 54 53 50 50
39 36 31 28 26 22
78 75 68 65 60
96 97 95 92 89 88 86 84
97 98 96 94 97
86 89 87 84 84
58 61 58 56 52
72 73 72 70 69 68 67 60
33 34 35 32 29 28
62 65 63 61 60 59 61 63
33 36 39 36 34 31 31
48 50 49 52 50 46
17 20 22 20 19 12
65 66 65 64 64 62 59
84 85 84 84 85
31 32 31 28 26 26 26
63 66 64 61 61 58 57 53
66 69 68 66 66 60
20 23 19 16 15
85 86 83 81 77 74 75
49 50 48 44 44
54 57 53 51 47
45 46 42 39 38 36 29
29 32 30 29 24 21 18 17
19 22 21 16 15 13 14
76 77 72 71 68 65 64 64
86 87 85 83 77 76 72
62 63 61 60 57 54 47 41
36 36 35 33 32 30 28 25
98 98 96 93 96
72 72 71 68 67 65 62 62
29 29 26 23 21 19 17 13
41 41 39 37 36 29
36 36 33 30 27 29 28
77 77 78 75 72 71 73
56 56 53 52 49 48 50 50
75 75 77 74 70
78 78 79 77 74 73 71 66
30 30 29 26 25 22 22 19
43 43 43 41 38 36 37
18 18 18 17 16 15 13 13
55 55 52 51 48 48 44
65 65 63 63 62 60 54
58 58 54 51 50
51 51 50 46 49
63 63 62 59 57 53 53
68 68 64 61 58 55 54 50
32 32 30 27 26 22 21 15
66 66 60 57 54 51 49 47
84 84 81 78 72 75
81 81 75 74 74
49 49 46 44 42 41 35 31
41 41 39 38 32 30 23
98 94 91 88 86 85 83
66 62 60 58 59
66 62 59 58 58
63 59 58 55 54 53 50 46
69 65 62 59 58 55 48
37 33 36 34 31
53 49 48 46 44 47 49
97 93 92 94 91 89 86 86
76 72 71 70 73 72 68
39 35 33 31 34 27
70 66 65 65 64
89 85 84 83 82 80 80 81
77 73 70 68 68 68
66 62 59 58 58 57 53
43 39 36 36 33 32 25
79 75 72 70 66 65
71 67 65 62 58 56 53 55
82 78 75 71 71
40 36 32 31 29 28 27 23
91 87 86 83 82 78 72
76 72 70 69 64 63 60 57
69 65 60 57 59
24 20 18 17 14 8 8
43 39 37 34 32 31 24 20
74 70 63 62 60 54
21 16 13 12 11 10 8
79 73 72 69 66 63 60 61
30 25 23 21 19 19
63 57 55 52 49 47 46 42
26 19 18 17 16 14 7
60 54 56 53 52 49
42 37 36 39 38 37 35 36
81 76 79 77 74 74
27 20 19 18 15 12 15 11
58 53 52 53 50 44
17 12 10 9 8 7 7 5
26 21 20 20 21
99 93 90 87 87 84 82 82
31 24 21 18 15 12 12 8
36 31 29 27 26 26 19
32 27 26 22 20 18
75 68 64 61 59 62
22 15 13 9 9
64 58 57 53 49
47 42 40 36 33 30 28 23
19 12 10 4 3
20 14 11 10 9 7 1 4
16 10 5 4 2 2
88 83 78 75 71
98 92 87 86 83 81 75
70 72 74 77 75
36 38 40 43 46 46
40 42 44 45 47 48 49 53
73 75 77 80 82 89
67 69 67 68 71
80 83 85 87 89 87 84
71 73 74 71 74 74
31 34 36 33 34 35 39
77 80 79 82 83 84 90
19 22 25 25 27 28
74 76 77 77 78 79 82 79
91 94 94 95 95
66 69 70 71 71 72 76
44 47 49 52 52 58
4 6 7 11 14 16 18
80 81 85 87 89 88
81 84 86 90 93 93
5 8 10 12 14 18 22
15 16 20 21 26
16 19 24 26 27
81 83 86 88 93 94 91
61 62 63 66 71 74 74
13 14 16 23 27
46 47 53 54 57 63
34 33 36 38 41 43 46 48
50 47 49 52 55 56 58 57
10 9 10 12 12
36 33 34 35 37 39 40 44
68 66 67 69 71 74 80
83 80 81 79 80 81
78 76 78 79 78 80 83 80
56 53 56 54 57 57
31 28 29 31 30 34
62 59 56 58 63
6 5 7 7 9
22 19 21 23 23 24 21
31 28 30 33 34 36 36 36
65 64 65 68 68 70 71 75
7 6 8 11 11 12 13 18
60 58 59 61 63 65 69 72
48 46 47 49 53 51
78 77 81 84 86 88 88
15 13 15 16 19 23 27
48 46 50 52 54 55 58 63
18 16 18 19 25 27 29
71 68 69 72 73 80 82 80
68 66 68 70 77 77
75 74 76 79 85 86 90
69 67 70 72 74 81 83 89
66 66 67 70 72 73
6 6 9 11 10
15 15 16 19 19
53 53 54 57 58 62
79 79 82 85 91
25 25 23 25 28 29
1 1 3 1 4 1
80 80 81 82 80 82 85 85
36 36 38 41 40 41 45
8 8 10 13 16 13 16 21
7 7 7 10 12 13 15 18
39 39 41 43 43 46 48 45
10 10 13 13 14 17 17
71 71 72 74 76 76 80
53 53 56 59 59 65
19 19 23 26 28 29 32
67 67 68 69 71 75 74
62 62 65 69 71 73 74 74
42 42 46 48 49 51 55
47 47 51 53 56 58 63
54 54 61 64 65
77 77 84 85 87 84
15 15 20 23 24 25 25
87 87 94 95 99
17 17 22 24 29
42 46 47 49 51 54 55 57
54 58 59 62 59
60 64 66 67 69 71 73 73
6 10 11 14 15 18 22
46 50 52 55 58 61 68
13 17 20 23 22 25 28
35 39 40 43 46 45 44
24 28 31 29 32 32
24 28 30 31 30 33 36 40
75 79 80 81 78 79 85
23 27 27 29 30
47 51 52 52 53 51
34 38 38 41 43 44 46 46
61 65 66 66 70
86 90 91 91 97
5 9 11 13 15 18 22 24
70 74 77 81 83 81
5 9 12 16 19 19
61 65 66 70 72 75 79
59 63 67 70 73 78
12 16 18 24 27
19 23 25 26 28 33 36 33
78 82 87 89 91 91
76 80 83 88 92
8 12 14 21 28
24 29 30 32 33 34 36
51 58 60 61 62 63 61
38 45 47 50 50
57 63 64 66 67 68 72
6 12 14 15 18 20 26
5 10 9 12 14
50 55 52 53 51
16 21 18 20 23 25 25
9 14 11 14 18
72 79 80 82 80 81 82 87
85 91 92 92 93 94
85 91 91 93 92
3 8 10 10 11 11
12 19 19 21 25
40 47 48 51 52 54 54 61
78 83 84 88 90 92 93 95
48 54 57 61 58
76 81 82 85 89 89
56 63 64 65 68 72 76
64 71 72 75 76 80 85
38 45 50 53 54 56
56 61 62 67 69 70 67
45 51 54 59 60 62 64 64
2 8 11 18 19 23
60 67 70 71 73 80 82 89
65 63 61 59 60
85 82 79 76 73 71 69 69
18 17 14 11 8 6 5 1
20 18 16 15 13 12 7
61 60 58 56 53 54 51
54 51 54 52 51 52
14 12 11 8 11 8 7 7
81 78 77 76 78 75 72 68
17 15 13 12 15 10
44 43 41 39 39 38 37
63 61 58 57 57 55 56
82 80 79 77 75 73 73 73
98 95 92 92 88
54 52 52 51 49 46 41
16 15 14 12 8 6 5
44 41 37 36 37
39 36 34 32 28 27 24 24
94 92 89 85 84 80
61 60 56 54 51 49 48 42
50 48 42 41 39
92 90 89 87 80 82
57 54 48 45 44 41 39 39
67 66 64 59 57 53
49 47 45 38 36 35 30
97 98 95 93 90 89 87 86
24 26 24 21 24
37 39 37 36 33 30 30
61 63 60 59 58 54
63 66 64 62 56
68 71 70 72 71 70
88 89 92 91 89 91
28 29 28 27 30 28 28
21 22 24 22 20 19 15
91 92 95 92 85
68 71 70 69 68 68 66 63
73 76 73 72 70 67 67 70
38 41 38 38 37 37
71 73 72 72 71 68 65 61
17 19 16 15 15 14 7
38 40 37 35 34 30 28 27
11 12 10 8 4 6
89 92 91 88 84 81 81
80 81 79 76 72 68
51 52 50 48 44 39
35 37 34 27 25
60 63 61 56 55 58
47 48 43 42 39 39
24 26 19 17 13
68 69 67 62 60 53
95 95 94 92 89
80 80 77 76 74 72 70 72
81 81 78 75 75
99 99 98 97 96 95 93 89
16 16 14 13 12 7
98 98 95 92 90 93 92
92 92 95 92 89 92
41 41 38 41 40 40
50 50 48 50 46
21 21 22 19 16 14 9
49 49 49 47 44 41 38
74 74 72 71 71 72
10 10 8 6 3 3 2 2
71 71 69 66 65 65 63 59
81 81 81 80 75
20 20 16 14 13
46 46 42 40 39 38 39
9 9 8 7 3 3
76 76 72 71 69 68 67 63
47 47 46 44 40 39 34
25 25 22 21 16 14
78 78 72 71 68 67 70
26 26 20 17 17
21 21 14 11 10 6
63 63 56 55 53 51 50 43
95 91 90 88 86 84 83 81
54 50 48 46 43 45
84 80 78 76 76
44 40 37 36 34 30
32 28 26 25 23 18
29 25 24 23 24 22 21 20
77 73 70 67 70 68 69
60 56 58 56 54 53 51 51
92 88 85 84 86 82
62 58 55 53 52 54 53 46
45 41 41 38 37 35
38 34 31 31 33
71 67 65 65 65
27 23 20 18 15 15 11
82 78 78 75 74 71 70 64
80 76 74 72 70 66 65
56 52 51 47 46 43 41 44
71 67 65 61 61
81 77 74 73 69 65
98 94 92 91 88 84 79
41 37 35 30 27
88 84 81 80 75 77
34 30 27 25 24 19 19
54 50 48 45 43 38 36 32
64 60 59 54 52 45
93 88 86 85 82
54 47 46 43 46
26 21 19 18 18
24 18 15 13 12 9 6 2
73 68 66 63 60 57 54 49
62 56 55 56 54 51 50
65 58 56 59 57 54 52 55
92 87 86 85 82 85 85
15 9 7 10 6
73 66 63 62 61 64 59
77 71 70 67 67 66 63
65 60 57 55 55 53 56
76 70 70 68 66 65 62 62
37 30 28 28 27 25 22 18
43 38 35 35 32 25
93 87 83 81 79 76
72 66 62 61 60 57 60
78 73 69 67 67
96 90 87 83 79
53 46 45 41 35
74 68 66 61 58
96 90 84 81 79 76 79
90 83 82 77 76 76
98 92 86 83 82 78
63 58 55 54 52 45 44 38
66 71 71 72 74 75 77
6 4 6 10 13 14 14
42 40 39 36 31 25
45 44 46 45 44 43 42 38
37 39 40 43 45 46 46
15 11 8 7 3 1 3
53 53 52 51 47
24 19 18 13 7
39 35 34 33 30 27 20
32 32 30 26 29
75 75 80 83 85 88 88
26 26 30 32 33 34 37
46 46 48 47 42
46 41 39 36 32 31 27
91 88 86 83 80 73
71 67 66 63 59
41 45 47 46 47 50 51
43 37 35 36 32
8 9 10 10 12 13 15 20
28 28 29 30 30 31 34 38
66 69 66 63 65 66
98 94 91 87 86 86
35 34 33 33 32
9 6 6 7 8 13
7 10 12 15 17 19 24 24
52 48 51 49 43
97 98 91 88 85 83 82 78
79 79 78 75 70 70
47 43 40 39 36 32 28
11 8 7 4 1 1
37 36 39 39 41 42 45 47
58 58 58 57 54 53 50 48
25 25 24 23 18
49 47 44 38 37 36 34 36
33 32 37 38 40 42 43
12 19 24 25 26
38 40 41 42 45 46 49 55
64 60 57 56 56 54 51 49
47 47 49 52 53 60 62 67
28 31 27 24 21 19 22
38 45 48 51 51 56
73 70 70 68 64
82 82 81 79 77 72 73
43 45 48 50 53 56 58 59
60 63 64 67 68 69 72
72 74 77 79 81 84
60 57 55 54 52 50 47
57 54 52 50 47 44
8 9 11 14 15
82 79 77 74 71 68 66
34 31 30 29 26 23 21
10 13 14 17 18 21 22 23
79 77 76 73 71 70
87 89 92 93 96 97
82 81 80 78 77 76 73 72
22 19 16 14 13
79 80 82 83 84 86 88
76 78 80 82 83
15 18 19 20 23 24 27
65 67 68 71 73 75 77 79
42 41 40 39 38
33 34 37 38 41 44 46
69 72 75 76 78 81
90 87 86 85 83
57 56 54 53 50 49 47 45
67 65 62 61 59 56 55
23 25 27 29 32 33
70 67 66 63 60 57 55
90 88 85 83 82 79 76 73
91 88 86 83 80 79 76 73
37 35 32 31 28 26 25 22
22 23 25 27 28 29 32
96 93 90 89 88
59 57 56 55 54
38 37 35 32 31
11 10 7 6 5 3
51 50 48 45 42 40 38 35
69 68 65 64 63 61 59 58
45 42 39 37 36 34 32
3 4 7 8 9
43 46 48 49 50 53 54 55
35 37 40 43 46
46 44 41 38 36 33
15 13 10 7 5 2
13 11 10 9 8 7 6
40 43 46 47 48 51
70 71 74 76 79
59 58 56 55 52 49
86 89 91 92 95 97 98
85 88 90 92 93
63 62 59 57 55 52 50
77 74 72 70 68 67
50 47 45 44 41 38 36
82 84 85 88 90 91 94 97
13 15 16 18 20 23 26 28
61 63 65 68 70 72 75 76
80 81 82 83 85
73 71 68 67 66 65 62
45 48 50 53 56 58 59 62
9 10 13 16 19 22 23 26
40 39 36 34 31 30 27 25
90 88 86 83 82 81
29 31 33 35 38 41 44
57 54 53 51 49 46 43
89 87 85 84 83 82
43 41 38 35 34 33 31 30
26 23 22 21 18 16 14
80 81 82 84 87
42 43 45 48 50 51 53 55
15 12 10 8 5 4
36 34 31 29 28 27
15 13 12 9 6 3
54 51 50 49 47
40 43 46 47 48 51 53
38 36 33 32 31 28 26 23
65 64 61 59 57 55
84 83 81 79 78 77
12 15 16 18 20
37 38 40 43 46 48 50
20 21 22 23 24 25 27
82 83 84 87 89
30 32 34 37 39 42 45 48
87 85 83 80 77 74
65 66 69 70 71
76 79 80 83 86 87
5 8 11 14 15
6 8 10 13 16 19
18 15 14 12 10
71 72 75 77 79 81 82 83
33 30 28 26 24 22
67 68 69 71 72 73
89 90 93 94 97
25 22 21 19 16 13
70 68 66 64 63 60
26 27 29 31 32 35 38
22 24 26 27 29 32 33 34
25 27 29 30 33 36 39
56 53 51 50 48 47 46
20 22 23 24 26 27 28
24 27 29 31 34
86 83 81 78 76 75 72 71
33 35 36 39 40 41 43
13 14 16 19 21 23
64 61 58 56 54 53 51 49
25 28 31 33 34 36
79 77 75 72 69 66 65
85 87 90 92 93 95 96
40 42 44 47 49 52 54
39 38 35 34 33 32 29
29 30 33 35 38 40 42
96 93 92 90 88 87 85
50 52 53 54 57 60
29 28 25 22 19 17
55 54 53 52 50 48
27 26 23 20 17 16
60 63 65 67 70 72 73 75
31 28 26 24 23 22
50 47 46 44 43
30 31 33 36 37 40 43
79 78 76 74 73 70 67
51 52 53 56 58 60 61
83 82 79 76 74 72 71 68
33 34 35 37 40 42 45
81 82 85 86 87 90
94 93 92 91 89 87 85 83
12 14 16 19 21 23
3 5 8 11 13 15 17
82 80 77 75 74
28 30 31 34 36 38
83 80 78 77 76 75 74 71
47 49 52 54 56 59 60
45 43 40 39 38 35 33 30
9 7 6 5 4 3
15 18 21 22 24 27
19 21 24 27 30 32 33
30 27 25 22 19
38 37 34 31 29 27 24 22
74 77 79 81 82 83 85 86
81 79 78 77 75 73
52 51 50 49 47 44 43
15 12 9 7 4 2 1
32 29 26 23 21 18 15
6 7 10 12 13 16
22 24 25 27 28 31 33
9 12 15 16 19 21 23
23 21 20 19 18 15 12 10
50 52 55 58 59
2 3 6 8 10 12 15 18
94 91 88 87 84
54 52 51 49 48 46 45
82 85 86 89 90
21 19 17 15 14 11
53 56 59 62 64
3 6 8 11 13 14
83 85 88 90 92
60 57 55 54 52 49 48
77 74 73 70 68 66 63
22 25 27 30 31 33 34
31 33 34 35 36 39
84 83 81 80 79 78
20 23 26 27 28 31 32 34
15 16 18 19 22 25 26
99 97 96 94 92 90
73 72 70 68 67 66 63 61
65 63 62 61 58 56 55 52
78 79 81 84 85 88 91 92
74 71 68 67 65
46 49 51 53 56 57
21 22 23 24 25 26
33 35 38 40 41 44 47
88 91 92 93 96
25 28 30 33 35
89 92 95 96 97
92 90 88 85 82 79 78 77
77 80 81 84 86 89 90 92
74 76 78 80 81 83 84
75 74 71 69 68 65
17 16 13 10 9
10 12 15 18 19
47 49 52 54 55
91 88 87 85 84
52 51 49 48 46 43 40 37
86 84 83 81 78 75
11 13 15 18 20 21 23 25
94 93 91 88 86 84 81
71 70 67 65 64
41 44 45 47 48
77 80 82 84 87
98 95 93 92 90 88
76 79 81 82 84 85 87 90
52 50 49 47 44 41 39
84 85 88 89 91 94 97 98
76 79 80 81 83 84 86 88
21 23 26 27 29
94 93 90 87 85 84 81
76 77 80 83 85 88 90 93
56 53 50 47 44 43 41 40
78 81 82 85 87
86 87 89 90 93
92 90 89 88 86 85
45 44 43 42 39
75 72 71 69 66 64 62
75 73 71 69 67 65 63 60
14 16 18 19 20 21
77 74 72 70 69 67
46 45 42 41 39 37 36 35
20 18 16 13 10 7 6 3
64 66 69 71 72 75
16 18 21 23 24 25 26 28
61 59 57 56 54 52 50
44 45 48 51 54 57 58 60
25 28 31 32 35
79 78 76 73 71 70
64 65 68 71 73 74
58 60 63 64 67
33 35 36 37 39 41


44746   54563
75154   45829
11303   70489
34369   42303
19787   10318
57355   54563
17649   78041
78041   90912
42025   70838
83962   27416
58852   60140
10900   78041
81682   86361
73646   59340
69559   52888
11792   37020
16986   60140
64640   99547
72905   79616
49132   68436
60004   25440
83058   36384
56218   51713
42752   85502
53210   25564
97525   46775
85200   81707
93134   17917
92436   29703
43282   26102
56561   17917
38517   60140
21394   11537
22870   56891
91081   75176
58106   60279
31335   96310
32992   60140
38454   54563
33694   74901
18307   90620
34138   37678
30210   35783
25191   15227
47869   11537
51431   99893
59221   57034
67820   46594
25286   65918
49630   64107
49512   23996
75253   19155
91755   44731
84331   14322
10777   45829
44531   31325
44387   44368
22092   78828
62647   74552
73962   61652
70872   38663
41669   17917
36394   39664
86666   32126
94564   71364
86975   65813
80625   26674
60822   44368
70000   88293
22902   68436
14424   12070
49549   76372
98327   15292
16200   41393
75176   59283
87545   56534
52574   42041
89909   82203
59362   25776
31396   65918
23097   67302
16639   73771
88531   61423
96093   57034
66284   27416
66985   80547
49619   82916
15828   96310
64988   54786
21667   65918
74847   53532
80596   74328
63472   77634
38623   37355
38050   77634
57186   77092
32231   96310
53056   85502
99616   27723
44092   39113
28177   73886
43152   71052
63504   85873
82199   13631
16827   95980
12662   94593
15202   19317
11297   44368
75181   23789
82671   11537
27416   28613
32617   17917
32093   56597
43092   81496
98048   38603
33815   94399
49197   75323
72360   38805
12218   57034
79339   25820
55769   11065
24748   33341
73771   85800
33005   51346
53234   37678
35799   99893
67715   72495
39385   60140
80517   67721
23083   27416
35643   34652
20015   85084
54047   68436
90892   27416
83304   45829
52334   42025
22737   48971
44841   85502
54440   88682
59337   44466
86226   44368
79865   23789
92432   25313
16492   46594
77422   38673
93057   23789
27428   87965
91111   85502
16734   96310
92704   91204
71080   32126
79064   38805
21521   98343
14447   42025
88341   78869
13881   64574
98689   57609
96688   20324
83204   66011
30155   78041
79383   57771
66777   42501
79365   29078
38302   85502
59476   41393
12235   97187
79638   13709
12734   77092
26482   96310
53709   38414
78983   68436
56875   32126
34652   79445
47807   44368
20838   37678
77644   42695
91040   34471
19857   38805
37257   19299
84323   45829
45765   27807
80010   17917
50993   17917
87739   17917
21074   83774
21486   65838
85062   65414
64425   60832
46875   72398
77011   94090
16732   14509
63302   48158
96936   81496
54563   77092
32946   37678
57558   40189
77371   20945
70922   27416
34893   44368
20064   61173
42298   26409
50286   87965
37070   28219
25648   15174
72425   49204
70118   23789
43832   54563
40026   23789
20922   60128
85906   96310
62704   75007
14096   81496
27162   56750
93880   67721
61173   16445
73917   75176
95980   77092
89429   38668
95730   32268
99893   54563
87309   76137
74425   11641
96310   90444
76188   96310
50165   37678
80206   36550
64022   73771
65510   95980
71848   87965
79418   95980
52569   85502
89371   99893
68344   73771
19148   81496
83338   34652
15292   64493
50026   85502
46923   42025
65318   36031
84727   65918
12709   19317
49025   13484
45423   65918
71561   56750
70652   95980
49677   67721
87744   15824
68616   77092
56750   98610
27368   15292
96635   72495
82682   86884
49305   22888
57058   76493
71872   15292
37337   99893
49141   27416
58652   59221
68121   59924
15655   27416
62826   52888
21376   13478
90582   73415
15256   83645
75807   77837
25162   67721
20898   69247
92171   40775
32584   57034
68026   65918
89047   81496
77634   16657
76187   67862
34375   68115
17970   36680
73342   11537
88262   68436
85191   41393
13235   74763
84522   26546
24204   83774
50892   44388
73708   45829
20453   35352
17601   54563
72728   31817
53568   77092
51327   87796
32562   45829
57528   73771
65476   62414
87452   38805
27996   67569
20039   42216
46643   62818
52888   37678
78679   89549
40854   47456
83512   83774
40653   19984
15653   87965
24606   28934
31608   43847
15608   87965
44105   78041
51928   21069
33215   11537
13283   56032
99082   34188
52093   96310
61555   22523
42163   59313
70384   21347
68901   14849
45947   68914
43211   17917
49277   42695
34180   83406
92846   50278
79167   38805
20193   77092
20458   44368
32126   81496
66236   83382
12738   28293
44729   99893
69671   86850
83285   58736
56016   96747
99469   68436
93215   19776
25585   44206
53706   83774
87427   59088
46185   56750
36420   42025
75640   12667
62041   58764
29681   37678
52824   41716
89079   32126
99760   84744
96415   38301
63171   23789
29436   16140
83447   73771
75739   11537
82453   65918
84569   65918
21534   77172
12101   74770
77859   42695
52861   85502
35871   21725
42076   39498
27769   65918
42055   60140
15647   46042
71930   43847
64803   48360
57132   72709
86112   88764
32257   35904
65077   15267
26467   43122
16903   22211
90305   42025
40337   91440
88470   45958
25305   98303
96579   89051
79525   73920
41786   95980
67337   20284
18437   60448
24149   18786
90518   60165
61117   68317
47404   89642
70455   43847
42695   30003
32127   63953
71650   35205
25690   60128
99806   68436
46357   39579
74131   46594
47895   47800
26468   43847
41393   15292
70792   96310
64983   72495
14730   75176
67663   97315
79374   31240
69026   83411
22680   23789
71431   27416
77808   21074
22211   70174
98616   17996
92938   38805
89127   85502
51477   87965
90677   99208
59730   77092
98858   84528
30238   83774
75429   87965
27930   37678
14348   52888
16626   68436
71073   65918
41699   44368
97130   26865
17234   64748
19638   73771
32507   38805
70053   43714
74550   11537
32214   89987
58219   74181
94952   15292
33006   61173
47639   45559
40240   72346
25466   73771
91357   54563
34918   44368
36904   57034
82039   60128
83050   27542
33904   36886
49071   77634
29378   68436
31555   17917
10652   44368
38017   98107
61056   61173
14038   22737
23926   14836
87700   17917
27680   67320
17606   20744
71665   38805
73591   90610
75931   23789
45829   13721
11852   62648
82002   43847
18278   11819
76392   78041
12128   92298
39019   24002
29212   78830
70049   96310
97782   75559
93518   42025
24972   68164
79331   82197
53946   63209
29692   36006
90018   47044
80392   94377
36656   49166
71114   96458
58048   34652
41279   38805
52537   41393
33546   39103
70780   60140
36455   62146
87797   11284
21614   83774
87965   65918
84530   87965
31327   60140
18367   73575
64436   15292
20247   99322
33510   34652
38591   60472
26569   34652
95619   32751
75902   15292
13377   27416
67381   85502
33665   27308
49639   27416
41023   11537
25245   21668
88275   89008
86587   90992
77709   68436
49679   89471
84751   42695
89970   60140
35926   60128
29813   42025
37865   72495
16156   60194
27868   76472
77973   75176
22695   79830
58595   56952
95239   96639
71032   95980
91716   75176
78993   43847
99915   98469
97751   11537
85502   60039
50198   68602
63219   28654
65281   95499
59926   63079
90344   17917
84508   68436
11497   53277
23204   60128
23323   44368
59901   82429
40780   54563
86228   77092
15570   92416
30888   63270
13324   60221
69364   15292
95308   87722
60190   92919
99873   76986
14117   75176
93167   42025
31214   26740
63953   75176
16764   87965
53411   18481
23762   20430
62056   95980
72495   72495
77818   55142
87870   41393
38763   72435
95817   27379
73572   71492
86836   15292
67571   55135
84424   68436
38842   33961
25252   99893
52969   60128
75457   98187
15405   56750
85810   34652
52562   40472
26458   87835
57049   12947
92406   43679
71405   15292
13004   24537
26183   19467
57431   44368
49655   87965
61580   52775
50127   68060
22900   37678
82172   73771
64722   44368
20817   27416
29505   94508
83118   42025
11609   73771
91300   50758
12871   69985
76642   85502
59612   45829
22493   21789
97865   28573
38509   42695
62726   22786
97473   60140
11612   72495
22478   94640
78811   58753
57737   91274
96232   94576
97572   81557
82900   32111
19759   70364
72856   63532
96772   39170
23639   34568
51369   85502
57419   77634
26364   26509
75781   74064
18008   75570
90125   23030
28428   38805
33799   68436
81411   99893
32078   27808
79975   83566
52755   69516
57264   49914
64517   17917
73224   32126
35194   46594
56603   22108
19967   84231
77598   41393
48288   85502
59468   85296
47471   60128
92962   87965
33647   54992
40482   83774
54705   45831
68436   40140
83774   16001
50181   56750
46534   37678
73109   83774
14691   72139
45203   18499
93717   41393
90942   61173
93639   96310
43230   81496
35162   81496
99850   74025
86446   27902
83395   77092
34567   42695
38120   75176
43847   15292
18314   93498
35219   43847
57034   68631
65653   31365
63354   20793
57162   43136
82266   44368
12486   98890
95955   63953
84375   34652
86891   38805
30860   34652
39153   72495
60323   23789
54199   15292
56072   56750
93245   57078
76450   43847
59767   54737
68416   85814
37507   52294
95599   37678
26535   82789
24134   75314
44403   73771
98864   37678
65407   46261
79131   19317
13530   17917
65218   14610
25382   22670
92220   75176
85985   59377
70302   24147
64121   64263
67721   96310
23443   43847
84136   34307
63440   59221
53644   63953
55702   45127
38805   68295
85325   50302
23500   28669
69804   52427
84397   22809
27004   85502
37093   29693
96090   45829
94277   65918
75959   20621
14695   69851
21277   99893
25052   65918
62281   23789
28206   11537
61780   38805
43950   43399
77501   40253
73366   47747
24723   53159
18309   29185
88351   87965
32451   87965
27961   82138
15868   23052
83064   81496
68951   11537
97293   50439
56831   57301
80363   47574
33684   60128
10701   20752
42064   36397
69486   96133
47015   99893
29202   42695
82115   23789
95165   52036
57418   47142
67506   38805
58868   87965
74165   44368
30214   83774
83623   17917
17331   68436
30459   14907
67434   65918
40727   90836
61581   93472
33819   63953
49763   86280
97486   67721
26812   33295
12336   43847
18378   73771
84937   99191
35224   65918
49694   27416
49529   78672
18201   35773
74497   46594
68037   34652
36953   68436
85485   92527
88430   99893
71498   83659
60128   23848
96672   27416
64061   79790
59825   54563
74366   68436
41534   11537
87667   21591
10150   75176
44315   45829
14678   42695
72111   96310
58956   23680
69294   42025
20619   57034
37843   27416
29529   27615
19702   83774
32072   14710
50568   11537
51287   85502
94333   32126
18585   34938
23789   61804
46594   77092
79106   26759
41356   96103
10594   81496
11595   59026
98318   49115
13672   15783
13257   42025
72928   26741
93735   52496
53663   34203
58872   52888
65915   99893
75718   58779
38451   39438
35425   27416
12378   93586
91509   97927
56599   27778
44971   57034
21719   65918
20336   93128
18110   46594
99088   60128
85957   97300
32492   42695
43009   96238
70212   31422
34312   11537
61916   42723
51817   11537
72892   90401
32753   99893
54502   62779
39127   48368
13434   51199
44413   20326
32900   68436
65505   83774
83501   87965
50906   36556
61014   44368
95454   75176
77008   41393
58087   75176
69905   93067
37788   59221
31700   42326
78758   15292
60428   95980
82953   34652
57964   63113
11094   96310
64195   19317
52961   80659
36007   54563
75733   54563
25387   76167
11537   65918
60140   17917
45111   15292
99999   67189
63747   11537
20625   43214
92339   10979
24864   38805
26017   79424
57414   95980
63707   17917
88020   54563
37973   29335
30076   87838
52584   65918
49038   25377
61582   83162
21115   86682
67207   68436
74877   15341
44094   99893
41244   26837
84493   97732
61793   97981
28185   67721
18529   23789
53238   80962
56830   34020
42491   37938
44708   77092
54024   23873
81496   20953
23812   37678
86480   44368
68399   47559
35185   75176
37233   33363
75966   83774
54671   15292
39056   21920
55159   60140
70822   21845
43695   56792
46035   37430
44197   81496
72777   99476
36610   97933
69757   15287
87912   83774
34679   83581
34931   15292
93254   71634
64175   45693
87296   75176
94232   17596
93856   68436
44368   15292
93430   11537
51742   31698
37653   85502
83663   94306
28522   93651
94057   22959
64826   94855
42079   99893
79925   26385
74592   25770
20675   72495
65728   50739
92462   59954
23381   77025
44104   65121
48953   81496
37678   46594
63422   89239
49735   35632
85048   71538
19402   81496
86874   45829
73564   45829
74511   64584
17917   29104
53604   13639
13699   12819
42901   71544
64254   65918
42770   45829
96114   44368
93782   56750
57646   90086
46334   49872
63175   54563
98847   47091
15551   22124
91269   83774
42322   96310
99400   32126
29079   65918
51358   42025
57109   22211
75643   19675
50779   42100
68902   61940
91483   15861
72751   95639
22226   75719
30515   37678
44941   94189
60907   78041
96158   41829
58058   99893
20085   37678
78405   88266
47918   87965
76270   42402
60874   87102
74798   23789
89867   43847
21013   95168
50155   73771
96922   60329
73275   54563
85392   98615
69178   91775
26665   49635
41944   41525
48235   82994
74950   61557
60869   73771
19317   15074
28433   68991
27814   90764
62468   41393
71778   92876
19383   57314
74225   72460
45257   55015
37807   73771
66601   11537
32475   68436
65861   35241
65154   35982
32341   11537
43126   99893
81648   91534
93016   63953
37226   43847
24429   17917
35226   99893
95560   75176
77626   32126
16841   37678
94072   18811
49716   15715
69498   94453
77092   88716
51658   41708
99436   76299
56787   27416
53173   83774
42871   37678
39206   43847
52384   37678
19944   42936
74914   19845
65918   67721
38226   56750
86853   74909
18560   15292
